7.946303701766985E-4
7.946303701766985E-4
7.946303701766985E-4
7.946303701766985E-4
7.946303701766985E-4
0.6873803674117056
7.946303701766985E-4
7.946303701766985E-4
0.04136115883506449
7.946303701766985E-4
7.946303701766985E-4
7.946303701766985E-4
0.04136115883506449
7.946303701766985E-4
7.946303701766985E-4
7.946303701766985E-4
0.008853130547089751
7.946303701766985E-4
0.6139210763335172
7.946303701766985E-4
0.04136115883506449
0.6927938947438581
7.946303701766985E-4
7.946303701766985E-4
7.946303701766985E-4
7.946303701766985E-4
7.946303701766985E-4
7.946303701766985E-4
7.946303701766985E-4
7.946303701766985E-4
7.946303701766985E-4
0.04136115883506449
7.946303701766985E-4
0.6927938947438581
0.006908461285378305
0.6793364934070112
7.946303701766985E-4
7.946303701766985E-4
7.946303701766985E-4
7.946303701766985E-4
7.946303701766985E-4
7.946303701766985E-4
7.946303701766985E-4
7.946303701766985E-4
7.946303701766985E-4
0.006908461285378305
7.946303701766985E-4
7.946303701766985E-4
0.00796245276613454
7.946303701766985E-4
7.946303701766985E-4
7.946303701766985E-4
0.07766505385306573
7.946303701766985E-4
7.946303701766985E-4
7.946303701766985E-4
7.946303701766985E-4
0.06198980440153079
0.6927938947438581
7.946303701766985E-4
7.946303701766985E-4
0.04136115883506449
7.946303701766985E-4
0.6927938947438581
5.8051436374328176E-5
7.946303701766985E-4
0.029948336195766173
6.859253056930476E-4
7.946303701766985E-4
7.946303701766985E-4
7.946303701766985E-4
7.946303701766985E-4
7.946303701766985E-4
7.946303701766985E-4
7.946303701766985E-4
7.946303701766985E-4
7.946303701766985E-4
7.946303701766985E-4
7.946303701766985E-4
7.946303701766985E-4
6.230312894084836E-4
7.946303701766985E-4
7.946303701766985E-4
7.946303701766985E-4
7.946303701766985E-4
7.946303701766985E-4
0.07766505385306573
7.946303701766985E-4
7.946303701766985E-4
7.946303701766985E-4
0.6139210763335172
7.946303701766985E-4
7.946303701766985E-4
0.04136115883506449
7.946303701766985E-4
7.946303701766985E-4
7.946303701766985E-4
7.946303701766985E-4
0.6631742839227173
7.946303701766985E-4
7.946303701766985E-4
7.946303701766985E-4
0.04136115883506449
0.008071476823219298
0.6139210763335172
0.6793364934070112
7.946303701766985E-4
7.946303701766985E-4
7.946303701766985E-4
7.946303701766985E-4
7.946303701766985E-4
7.946303701766985E-4
7.946303701766985E-4
7.946303701766985E-4
7.946303701766985E-4
0.07766505385306573
7.946303701766985E-4
7.946303701766985E-4
7.946303701766985E-4
7.946303701766985E-4
7.946303701766985E-4
7.946303701766985E-4
0.4138908378712153
7.946303701766985E-4
7.946303701766985E-4
7.946303701766985E-4
7.946303701766985E-4
7.946303701766985E-4
0.6927938947438581
7.946303701766985E-4
7.946303701766985E-4
7.946303701766985E-4
7.946303701766985E-4
7.946303701766985E-4
0.07766505385306573
7.946303701766985E-4
7.946303701766985E-4
0.6927938947438581
0.6927938947438581
7.946303701766985E-4
0.008853130547089751
0.07766505385306573
0.29087361552157726
7.946303701766985E-4
7.946303701766985E-4
7.946303701766985E-4
7.946303701766985E-4
7.946303701766985E-4
7.946303701766985E-4
0.04136115883506449
7.946303701766985E-4
0.35632258168331044
0.6927938947438581
0.41732395718559684
0.6927938947438581
7.946303701766985E-4
0.008071476823219298
0.22747755717543378
7.946303701766985E-4
7.946303701766985E-4
7.946303701766985E-4
7.946303701766985E-4
7.946303701766985E-4
7.946303701766985E-4
7.946303701766985E-4
7.946303701766985E-4
5.8051436374328176E-5
7.946303701766985E-4
7.946303701766985E-4
0.06198980440153079
7.946303701766985E-4
7.946303701766985E-4
7.946303701766985E-4
8.059148440518822E-4
7.946303701766985E-4
7.946303701766985E-4
7.946303701766985E-4
7.946303701766985E-4
0.6927938947438581
7.946303701766985E-4
7.946303701766985E-4
7.946303701766985E-4
7.946303701766985E-4
7.946303701766985E-4
7.946303701766985E-4
0.006908461285378305
7.946303701766985E-4
7.946303701766985E-4
0.6793364934070112
0.04136115883506449
0.008071476823219298
7.946303701766985E-4
0.006908461285378305
7.946303701766985E-4
0.06198980440153079
0.07766505385306573
7.946303701766985E-4
0.04136115883506449
7.946303701766985E-4
7.946303701766985E-4
0.07766505385306573
0.6927938947438581
0.029948336195766173
7.946303701766985E-4
7.946303701766985E-4
7.946303701766985E-4
7.946303701766985E-4
7.946303701766985E-4
0.6793364934070112
7.946303701766985E-4
7.946303701766985E-4
7.946303701766985E-4
7.946303701766985E-4
7.946303701766985E-4
7.946303701766985E-4
7.946303701766985E-4
0.04136115883506449
0.6927938947438581
7.946303701766985E-4
7.946303701766985E-4
7.946303701766985E-4
0.07766505385306573
7.946303701766985E-4
7.946303701766985E-4
7.946303701766985E-4
0.6793364934070112
7.946303701766985E-4
7.946303701766985E-4
7.946303701766985E-4
0.04136115883506449
0.008733797771421598
7.946303701766985E-4
7.946303701766985E-4
7.946303701766985E-4
6.859253056930476E-4
7.946303701766985E-4
0.6927938947438581
7.946303701766985E-4
0.029948336195766173
7.946303701766985E-4
0.04136115883506449
7.946303701766985E-4
7.946303701766985E-4
0.04136115883506449
7.946303701766985E-4
7.946303701766985E-4
7.946303701766985E-4
7.946303701766985E-4
0.6927938947438581
7.946303701766985E-4
7.946303701766985E-4
7.946303701766985E-4
7.946303701766985E-4
7.946303701766985E-4
7.946303701766985E-4
6.230312894084836E-4
5.8051436374328176E-5
0.6166396065861081
7.946303701766985E-4
0.6927938947438581
7.946303701766985E-4
7.946303701766985E-4
7.946303701766985E-4
7.946303701766985E-4
7.946303701766985E-4
7.946303701766985E-4
7.946303701766985E-4
7.946303701766985E-4
0.04136115883506449
7.946303701766985E-4
0.04136115883506449
0.04136115883506449
0.06198980440153079
7.946303701766985E-4
7.946303701766985E-4
0.6927938947438581
0.31391427634743474
0.6927938947438581
7.946303701766985E-4
7.946303701766985E-4
7.946303701766985E-4
7.946303701766985E-4
7.946303701766985E-4
0.6139210763335172
7.946303701766985E-4
7.946303701766985E-4
7.946303701766985E-4
7.946303701766985E-4
7.946303701766985E-4
7.946303701766985E-4
7.946303701766985E-4
7.946303701766985E-4
0.6927938947438581
7.946303701766985E-4
7.946303701766985E-4
7.946303701766985E-4
7.946303701766985E-4
7.946303701766985E-4
0.6927938947438581
7.946303701766985E-4
7.946303701766985E-4
7.946303701766985E-4
7.946303701766985E-4
7.946303701766985E-4
7.946303701766985E-4
7.946303701766985E-4
0.07766505385306573
7.946303701766985E-4
7.946303701766985E-4
0.07766505385306573
7.946303701766985E-4
7.946303701766985E-4
0.41732395718559684
7.946303701766985E-4
0.39075845457094144
0.04136115883506449
7.946303701766985E-4
7.946303701766985E-4
0.07766505385306573
7.946303701766985E-4
7.946303701766985E-4
0.04136115883506449
7.946303701766985E-4
7.946303701766985E-4
7.946303701766985E-4
7.946303701766985E-4
6.230312894084836E-4
0.010195676552108445
7.946303701766985E-4
7.946303701766985E-4
5.8051436374328176E-5
0.6927938947438581
0.07766505385306573
7.946303701766985E-4
7.946303701766985E-4
7.946303701766985E-4
7.946303701766985E-4
7.946303701766985E-4
0.04136115883506449
0.6139210763335172
0.029948336195766173
0.6927938947438581
7.946303701766985E-4
0.07766505385306573
0.008853130547089751
7.946303701766985E-4
7.946303701766985E-4
0.6927938947438581
7.946303701766985E-4
7.946303701766985E-4
7.946303701766985E-4
0.04136115883506449
0.29376437032986835
7.946303701766985E-4
0.07766505385306573
0.0025028455480641722
7.946303701766985E-4
0.029948336195766173
0.22747755717543378
7.946303701766985E-4
7.946303701766985E-4
7.946303701766985E-4
7.946303701766985E-4
7.946303701766985E-4
7.946303701766985E-4
7.946303701766985E-4
7.946303701766985E-4
7.946303701766985E-4
0.04136115883506449
7.946303701766985E-4
7.946303701766985E-4
7.946303701766985E-4
0.6927938947438581
7.946303701766985E-4
0.04136115883506449
0.029948336195766173
7.946303701766985E-4
0.07766505385306573
7.946303701766985E-4
7.946303701766985E-4
7.946303701766985E-4
7.946303701766985E-4
7.946303701766985E-4
7.946303701766985E-4
7.946303701766985E-4
7.946303701766985E-4
7.946303701766985E-4
7.946303701766985E-4
7.946303701766985E-4
0.029948336195766173
7.946303701766985E-4
0.07766505385306573
7.946303701766985E-4
7.946303701766985E-4
7.946303701766985E-4
7.946303701766985E-4
7.946303701766985E-4
0.24442070266546972
0.6139210763335172
0.008071476823219298
0.04136115883506449
7.946303701766985E-4
7.946303701766985E-4
7.946303701766985E-4
7.946303701766985E-4
0.04136115883506449
7.946303701766985E-4
7.946303701766985E-4
7.946303701766985E-4
7.946303701766985E-4
0.04136115883506449
8.059148440518822E-4
7.946303701766985E-4
0.07766505385306573
7.946303701766985E-4
7.946303701766985E-4
7.946303701766985E-4
7.946303701766985E-4
7.946303701766985E-4
0.07766505385306573
7.946303701766985E-4
7.946303701766985E-4
7.946303701766985E-4
7.946303701766985E-4
7.946303701766985E-4
0.04136115883506449
7.946303701766985E-4
7.946303701766985E-4
7.946303701766985E-4
7.946303701766985E-4
7.946303701766985E-4
0.04136115883506449
7.946303701766985E-4
0.04136115883506449
7.946303701766985E-4
7.946303701766985E-4
7.946303701766985E-4
7.946303701766985E-4
7.946303701766985E-4
0.4534552862748218
0.6927938947438581
7.946303701766985E-4
7.946303701766985E-4
7.946303701766985E-4
7.946303701766985E-4
7.946303701766985E-4
7.946303701766985E-4
8.059148440518822E-4
0.6927938947438581
7.946303701766985E-4
7.946303701766985E-4
7.946303701766985E-4
7.946303701766985E-4
0.04136115883506449
0.008733797771421598
7.946303701766985E-4
0.07766505385306573
7.946303701766985E-4
7.946303701766985E-4
7.946303701766985E-4
7.946303701766985E-4
7.946303701766985E-4
0.04136115883506449
7.946303701766985E-4
7.946303701766985E-4
0.00796245276613454
7.946303701766985E-4
7.946303701766985E-4
7.946303701766985E-4
0.04136115883506449
7.946303701766985E-4
0.31090199756128933
7.946303701766985E-4
7.946303701766985E-4
7.946303701766985E-4
0.07766505385306573
7.946303701766985E-4
7.946303701766985E-4
7.946303701766985E-4
0.07766505385306573
7.946303701766985E-4
7.946303701766985E-4
0.04136115883506449
0.006908461285378305
7.946303701766985E-4
5.8051436374328176E-5
7.946303701766985E-4
7.946303701766985E-4
7.946303701766985E-4
0.07766505385306573
0.07766505385306573
0.29087361552157726
7.946303701766985E-4
7.946303701766985E-4
7.946303701766985E-4
7.946303701766985E-4
0.030342192053502796
0.07766505385306573
0.008071476823219298
7.946303701766985E-4
7.946303701766985E-4
0.6927938947438581
7.946303701766985E-4
7.946303701766985E-4
7.946303701766985E-4
0.6927938947438581
7.946303701766985E-4
7.946303701766985E-4
7.946303701766985E-4
7.946303701766985E-4
7.946303701766985E-4
7.946303701766985E-4
7.946303701766985E-4
7.946303701766985E-4
7.946303701766985E-4
7.946303701766985E-4
0.06198980440153079
7.946303701766985E-4
7.946303701766985E-4
7.946303701766985E-4
7.946303701766985E-4
0.6793364934070112
7.946303701766985E-4
0.006908461285378305
7.946303701766985E-4
7.946303701766985E-4
7.946303701766985E-4
7.946303701766985E-4
7.946303701766985E-4
7.946303701766985E-4
7.946303701766985E-4
7.946303701766985E-4
7.946303701766985E-4
7.946303701766985E-4
7.946303701766985E-4
0.6139210763335172
0.07766505385306573
7.946303701766985E-4
7.946303701766985E-4
7.946303701766985E-4
7.946303701766985E-4
7.946303701766985E-4
7.946303701766985E-4
7.946303701766985E-4
0.04136115883506449
7.946303701766985E-4
0.07670912471375382
0.6139210763335172
7.946303701766985E-4
7.946303701766985E-4
7.946303701766985E-4
0.006908461285378305
0.6139210763335172
7.946303701766985E-4
0.029948336195766173
0.04136115883506449
0.6139210763335172
0.029948336195766173
7.946303701766985E-4
0.39412973045415056
0.06277436695435033
7.946303701766985E-4
7.946303701766985E-4
7.946303701766985E-4
7.946303701766985E-4
7.946303701766985E-4
7.946303701766985E-4
7.946303701766985E-4
7.946303701766985E-4
7.946303701766985E-4
5.8051436374328176E-5
7.946303701766985E-4
7.946303701766985E-4
7.946303701766985E-4
7.946303701766985E-4
0.029948336195766173
0.6927938947438581
7.946303701766985E-4
7.946303701766985E-4
7.946303701766985E-4
7.946303701766985E-4
7.946303701766985E-4
0.6927938947438581
7.946303701766985E-4
7.946303701766985E-4
0.006908461285378305
7.946303701766985E-4
7.946303701766985E-4
7.946303701766985E-4
7.946303701766985E-4
7.946303701766985E-4
7.946303701766985E-4
7.946303701766985E-4
0.00796245276613454
0.07766505385306573
7.946303701766985E-4
0.4138908378712153
0.6927938947438581
7.946303701766985E-4
7.946303701766985E-4
7.946303701766985E-4
7.946303701766985E-4
7.946303701766985E-4
7.946303701766985E-4
7.946303701766985E-4
7.946303701766985E-4
0.008733797771421598
0.31090199756128933
0.07766505385306573
7.946303701766985E-4
7.946303701766985E-4
7.946303701766985E-4
7.946303701766985E-4
5.8051436374328176E-5
7.946303701766985E-4
0.029948336195766173
0.07766505385306573
7.946303701766985E-4
0.008853130547089751
0.07766505385306573
7.946303701766985E-4
0.07766505385306573
0.6927938947438581
7.946303701766985E-4
7.946303701766985E-4
7.946303701766985E-4
0.4534552862748218
7.946303701766985E-4
0.07766505385306573
7.946303701766985E-4
7.946303701766985E-4
8.059148440518822E-4
5.8051436374328176E-5
7.946303701766985E-4
0.06198980440153079
7.946303701766985E-4
7.946303701766985E-4
7.946303701766985E-4
7.946303701766985E-4
0.22747755717543378
0.6927938947438581
7.946303701766985E-4
7.946303701766985E-4
7.946303701766985E-4
7.946303701766985E-4
7.946303701766985E-4
0.06198980440153079
0.6927938947438581
7.946303701766985E-4
7.946303701766985E-4
7.946303701766985E-4
0.31090199756128933
7.946303701766985E-4
0.029948336195766173
7.946303701766985E-4
7.946303701766985E-4
0.030342192053502796
0.6631742839227173
7.946303701766985E-4
0.04136115883506449
0.6139210763335172
7.946303701766985E-4
0.6139210763335172
7.946303701766985E-4
7.946303701766985E-4
0.6139210763335172
7.946303701766985E-4
7.946303701766985E-4
7.946303701766985E-4
7.946303701766985E-4
7.946303701766985E-4
7.946303701766985E-4
0.6793364934070112
7.946303701766985E-4
7.946303701766985E-4
7.946303701766985E-4
0.04136115883506449
7.946303701766985E-4
0.06198980440153079
7.946303701766985E-4
7.946303701766985E-4
7.946303701766985E-4
0.029948336195766173
0.6927938947438581
0.07766505385306573
0.008071476823219298
7.946303701766985E-4
7.946303701766985E-4
7.946303701766985E-4
7.946303701766985E-4
7.946303701766985E-4
7.946303701766985E-4
0.6927938947438581
7.946303701766985E-4
7.946303701766985E-4
7.946303701766985E-4
7.946303701766985E-4
7.946303701766985E-4
7.946303701766985E-4
7.946303701766985E-4
0.0025028455480641722
7.946303701766985E-4
0.6139210763335172
7.946303701766985E-4
7.946303701766985E-4
0.6927938947438581
0.029948336195766173
7.946303701766985E-4
7.946303701766985E-4
0.06198980440153079
0.04136115883506449
7.946303701766985E-4
0.008733797771421598
7.946303701766985E-4
0.008733797771421598
6.230312894084836E-4
7.946303701766985E-4
7.946303701766985E-4
0.030342192053502796
7.946303701766985E-4
7.946303701766985E-4
0.029948336195766173
0.6139210763335172
7.946303701766985E-4
0.008853130547089751
0.29087361552157726
7.946303701766985E-4
7.946303701766985E-4
5.8051436374328176E-5
0.29087361552157726
7.946303701766985E-4
0.07766505385306573
7.946303701766985E-4
0.6927938947438581
0.31391427634743474
7.946303701766985E-4
0.07766505385306573
7.946303701766985E-4
7.946303701766985E-4
0.6793364934070112
7.946303701766985E-4
7.946303701766985E-4
0.35632258168331044
0.04136115883506449
7.946303701766985E-4
7.946303701766985E-4
7.946303701766985E-4
7.946303701766985E-4
7.946303701766985E-4
7.946303701766985E-4
7.946303701766985E-4
0.06198980440153079
7.946303701766985E-4
7.946303701766985E-4
0.07766505385306573
7.946303701766985E-4
7.946303701766985E-4
0.07766505385306573
0.07766505385306573
7.946303701766985E-4
7.946303701766985E-4
7.946303701766985E-4
7.946303701766985E-4
0.35632258168331044
0.07766505385306573
7.946303701766985E-4
7.946303701766985E-4
7.946303701766985E-4
7.946303701766985E-4
7.946303701766985E-4
7.946303701766985E-4
7.946303701766985E-4
0.07766505385306573
7.946303701766985E-4
7.946303701766985E-4
7.946303701766985E-4
6.230312894084836E-4
0.07766505385306573
0.04136115883506449
7.946303701766985E-4
7.946303701766985E-4
7.946303701766985E-4
0.22747755717543378
7.946303701766985E-4

